60
13
64
21
36
4
62
69
85
73
36
23
8
11
96
36
39
7
68
71
55
77
39
34
11
46
12
36
9
26
64
7
78
84
65
82
21
16
7
6
30
23
87
92
41
12
65
50
6
77
89
73
77
11
31
83
73
30
10
90
91
26
61
60
9
30
45
24
46
15
16
23
99
63
41
33
90
46
93
99
80
62
31
31
36
90
30
67
53
82
9
90
6
17
14
5
62
27
83
12
66
41
5
90
61
67
74
14
70
98
93
27
37
10
10
30
95
30
24
19
1
77
71
64
6
26
17
82
50
37
71
63
63
81
33
39
58
40
70
69
16
16
97
55
88
81
53
95
8
83
9
33
3
65
11
89
70
40
85
35
50
92
64
33
27
30
64
55
77
70
72
55
59
55
3
84
79
16
75
25
73
21
74
66
28
39
60
97
71
44
68
18
55
35
19
24
52
64
28
58
17
97
19
37
12
54
73
48
63
27
10
55
65
60
62
29
18
98
6
88
70
67
84
34
3
54
1
25
36
78
33
16
87
17
9
75
2
38
54
74
65
13
34
44
34
14
53
94
72
90
6
54
59
39
88
49
13
85
35
58
53
48
12
84
93
94
67
48
52
86
27
80
44
31
23
57
34
40
99
88
2
6
52
46
73
79
56
49
28
59
63
17
3
96
21
17
2
49
51
39
46
5
43
85
63
25
10
28
16
32
16
72
86
46
56
48
96
65
12
15
39
19
21
92
24
11
78
48
11
7
56
84
89
61
43
97
62
67
83
48
69
28
33
96
44
90
31
56
40
72
21
37
38
36
1
28
83
51
61
52
47
61
18
10
76
32
83
26
4
59
85
30
81
64
45
11
85
24
49
34
80
22
9
38
85
20
47
54
60
15
14
12
6
31
1
9
11
23
21
12
8
6
52
81
86
91
55
73
90
90
42
60
2
28
72
25
53
80
25
56
85
29
65
89
46
74
25
51
63
37
1
63
4
37
27
75
70
28
51
94
65
73
63
70
72
54
10
77
58
76
55
30
98
64
27
78
40
63
35
13
67
4
11
54
89
79
57
65
2
97
55
26
29
30
91
12
66
95
17
91
64
47
92
87
81
70
64
39
10
49
35
7
92
39
27
61
63
9
80
93
97
45
76
61
22
30
2
68
72
16
12
45
46
44
48
20
11
24
73
19
16
18
55
53
62
48
33
90
4
31
49
57
15
24
94
20
71
31
66
51
69
95
66
94
37
90
61
49
90
7
50
40
36
61
78
79
90
24
99
73
96
11
65
42
66
54
31
23
49
28
49
80
58
22
50
20
51
60
16
72
87
84
99
96
80
10
22
53
46
16
30
47
32
92
54
58
31
25
28
82
59
38
99
63
58
70
82
14
12
58
29
30
8
27
86
13
12
69
61
57
33
78
77
34
98
2
48
65
68
92
89
27
32
34
13
50
84
37
39
11
27
9
41
87
87
1
40
6
7
42
47
61
63
71
50
81
60
66
64
56
23
17
45
20
69
2
97
74
14
37
28
74
30
51
30
25
37
90
47
98
62
42
59
27
46
28
63
61
83
32
89
19
72
83
87
11
63
22
18
85
3
66
91
70
15
72
31
12
41
26
45
70
20
66
94
80
58
19
74
42
39
37
90
82
47
9
3
47
63
20
62
15
72
61
96
95
51
88
13
73
96
51
20
58
86
20
98
7
88
8
52
44
48
76
47
65
76
9
23
6
70
83
49
21
64
30
97
58
70
98
29
69
7
1
45
87
17
32
95
28
11
95
59
56
67
18
67
95
15
31
20
42
66
8
4
13
3
98
94
57
22
40
36
90
78
83
37
47
31
59
48
44
14
95
94
74
25
92
54
46
63
2
44
39
79
87
4
99
96
33
84
18
38
39
7
70
60
68
77
84
80
20
65
55
82
75
29
70
13
30
87
11
45
48
94
20
96
96
11
91
79
38
51
98
75
30
6
74
88
25
14
57
15
70
65
43
37
88
57
4
58
33
87
67
46
74
73
90
45
87
74
63
57
86
5
43
69
66
80
53
70
54
82
88
16
31
95
75
82
51
82
8
40
8
34
47
50
83
53
1
57
16
30
2
50
50
99
29
66
23
74
70
9
4
34
4
51
99
51
15
79
98
8
94
5
67
24
50
53
58
92
85
14
79
95
54
25
80
38
65
32
66
10
60
76
12
98
36
74
30
95
51
32
38
22
59
9
36
97
83
27
49
76
8
30
88
57
29
9
79
79
71
61
86
83
13
89
47
18
92
